eye_on_hand: false
robot_base_frame: base
tracking_base_frame: camera_color_frame
transformation:
  qw: 0.1720470371742105
  qx: -0.9827660452159855
  qy: 0.06628757102999193
  qz: 0.013291926009844935
  x: 0.04927139629736895
  y: -0.973182372715904
  z: 0.8348414060704258
