eye_on_hand: false
robot_base_frame: base
tracking_base_frame: camera_color_frame
transformation:
  qw: 0.29451062269665734
  qx: -0.9556078873666751
  qy: 0.004068167532089444
  qz: -0.007778736038575677
  x: 0.018573537961287336
  y: -0.9998781315296043
  z: 0.5622653639161477
