eye_on_hand: false
robot_base_frame: base
tracking_base_frame: camera_color_frame
transformation:
  qw: 0.02383782356941807
  qx: -0.0445499391679695
  qy: 0.840311689758471
  qz: -0.5397437587808371
  x: -0.1827926279854247
  y: 0.2395012650112968
  z: 0.43944570196770055
