eye_on_hand: false
robot_base_frame: base
tracking_base_frame: camera_color_frame
transformation:
  qw: 0.035939704309634564
  qx: -0.05979474979180313
  qy: 0.8399441608186378
  qz: -0.5381697987235498
  x: -0.22037375437811133
  y: 0.21474330127874308
  z: 0.43844371601506144
