eye_on_hand: false
robot_base_frame: base
tracking_base_frame: camera_color_frame
transformation:
  qw: 0.1741914899663461
  qx: -0.38817245066169287
  qy: 0.8165518413474961
  qz: -0.39015710138688187
  x: -0.33472779015727866
  y: -0.2687896024508472
  z: 0.4979044150317358
