eye_on_hand: false
robot_base_frame: base
tracking_base_frame: camera_color_frame
transformation:
  qw: 0.30808077638957865
  qx: -0.9443249079917779
  qy: -0.10404568678694538
  qz: 0.050111859140800415
  x: 0.24353178980450604
  y: -1.1242118883033612
  z: 0.6471588013669721
