translation: 
  x: 0.241335582408
  y: -1.23081509977
  z: 0.68712417859
rotation: 
  x: -0.933862370922
  y: -0.0367746647329
  z: 0.0410580531036
  w: 0.353359494686

translation: 
  x: 0.247353763788
  y: -1.25953287808
  z: 0.684643329046
rotation: 
  x: -0.93128585236
  y: -0.0364772186406
  z: 0.0397747773711
  w: 0.36026940031

