eye_on_hand: false
robot_base_frame: base
tracking_base_frame: camera_color_frame
transformation:
  qw: 0.3668284844666865
  qx: -0.9294518861438904
  qy: -0.028620808337131445
  qz: 0.027145969453452875
  x: 0.2771530867088101
  y: -1.2416451523496117
  z: 0.6608611812767224
