eye_on_hand: false
robot_base_frame: base
tracking_base_frame: camera_color_frame
transformation:
  qw: 0.3623197907236873
  qx: -0.9307820697377235
  qy: -0.03542801100253696
  qz: 0.0333760983505747
  x: 0.3057633024846408
  y: -1.2416273519862964
  z: 0.6802743020261058
