eye_on_hand: false
robot_base_frame: base
tracking_base_frame: camera_color_frame
transformation:
  qw: 0.3012059648160853
  qx: -0.9399215684789926
  qy: -0.14562388709953764
  qz: 0.06794185288335138
  x: 0.1417067629685474
  y: -1.10570556302234
  z: 0.6627122455341279
